1
2
4
5
6
8
10
12
14
15
16
18
20
21
23
25
26
30
31
32
33
34
35
36
37
38
39
40
45
50
55
60
64
65
68
70
73
75
77
80
82
83
85
87
90
91
95
96
100
105
110
115
120
121
125
128
130
135
140
145
150
155
160
165
170
175
180
185
186
190
193
195
200
205
210
215
220
225
230
235
240
245
250
270
275
280
285
290
295
300
310
315
320
325
330
335
340
341
345
346
350
351
358
360
363
365
368
370
375
380
381
392
400
402
411
415
418
420
425
428
431
433
436
438
441
443
446
448
450
453
456
457
459
462
465
467
468
630
631
632
634
635
636
637
638
639
640
641
642
643
644
645
646
647
648
649
650
651
654
657
659
661
680
681
682
683
684
685
703
704
705
706
707
708
711
712
713
716
721
726
