1
2
3
4
5
6
7
8
9
10
11
12
13
14
15
16
17
18
19
20
21
22
23
24
25
26
27
28
29
30
31
32
33
34
35
36
37
38
39
40
43
49
51
52
53
54
55
59
62
65
66
69
71
74
77
81
85
87
88
89
90
91
92
93
94
95
96
97
98
99
100
120
121
122
123
124
125
126
127
128
129
130
131
132
133
134
135
136
137
138
139
140
141
142
143
144
145
146
147
148
149
150
155
158
170
172
174
176
177
178
179
180
181
183
184
185
186
187
188
189
190
191
192
193
194
195
196
197
198
199
200
201
202
203
204
205
206
207
208
209
210
211
212
213
214
215
275
276
277
278
279
280
281
282
283
284
285
286
287
288
289
290
291
292
293
294
295
331
332
333
334
335
336
337
338
339
340
341
342
343
344
345
346
347
348
349
350
353
379
381
508
509
510
511
512
513
514
515
516
517
518
519
520
521
522
523
524
525
526
527
528
529
530
531
532
533
534
535
536
537
538
539
540
541
542
543
544
545
546
547
548
549
550
551
552
553
554
555
556
557
558
559
560
561
563
566
567
568
569
570
571
572
573
574
575
576
577
578
579
580
581
582
600
601
602
603
604
605
606
607
608
609
610
611
612
613
614
615
616
617
618
619
620
621
622
623
624
625
626
627
628
629
630
775
776
777
778
779
780
781
782
783
784
785
786
787
788
789
790
791
792
793
794
795
796
797
798
799
800
801
802
803
804
805
806
807
808
809
810
812
815
820
823
825
826
829
830
833
835
837
840
841
844
845
849
850
853
854
857
859
862
865
866
870
871
874
876
878
881
882
886
890
895
900
