1
2
3
4
5
6
7
8
9
10
11
12
13
14
15
16
17
18
19
20
21
22
23
24
25
26
27
28
29
30
31
32
33
34
35
36
37
38
39
40
41
42
43
44
45
46
47
48
49
50
150
151
152
153
154
155
156
160
161
162
163
164
178
179
480
493
498
503
508
519
524
526
527
528
529
530
531
532
533
534
535
536
549
550
551
554
555
562
563
564
565
566
567
568
569
570
571
572
573
574
575
576
577
578
579
580
581
582
583
584
585
586
587
588
589
590
591
592
593
594
595
596
690
692
693
694
695
696
697
698
699
700
720
721
722
723
724
725
726
727
728
729
730
780
783
786
789
792
795
798
801
804
807
810
813
816
819
822
825
828
831
837
840
848
850
851
853
854
855
856
857
859
860
861
862
864
865
867
868
870
871
873
874
