1
4
7
10
13
16
19
22
60
66
69
72
75
78
81
90
93
96
99
102
105
114
120
132
135
138
141
144
150
156
186
189
192
225
255
258
261
264
267
270
273
276
279
282
285
312
327
330
354
369
396
399
423
432
444
456
459
462
474
477
480
483
486
489
492
495
498
501
504
507
510
513
516
519
522
525
528
531
534
537
540
543
546
549
552
555
558
561
564
567
570
573
576
678
681
684
699
723
726
729
732
735
738
741
744
747
750
753
756
771
816
819
822
825
828
831
834
837
840
843
846
849
852
855
858
861
864
867
870
873
876
879
882
